486273951
273951486
951486273
864732519
732519864
519864732
648327195
327195648
195648327

942738516
738516942
516942738
429387165
387165429
165429387
294873651
873651294
651294873

597384162
384162597
162597384
975843621
843621975
621975843
759438216
438216759
216759438

153849627
849627153
627153849
531498276
498276531
276531498
315984762
984762315
762315984

618495273
495273618
273618495
186954732
954732186
732186954
861549327
549327861
327861549

264951738
951738264
738264951
642519387
519387642
387642519
426195873
195873426
873426195

729516384
516384729
384729516
297165843
165843297
843297165
972651438
651438972
438972651

375162849
162849375
849375162
753621498
621498753
498753621
537216984
216984537
984537216

831627495
627495831
495831627
318276954
276954318
954318276
183762549
762549183
549183762

486273951
273951486
951486273
864732519
732519864
519864732
648327195
327195648
195648327

